1817565
2696025
5460102
5861494
7323293
7530362
11005830
11153212
11808715
11957917
12123540
14107733
14382614
14851869
15297788
18228063
19253035
19486122
21066898
21689490
21888038
23362478
24111475
27400089
28151877
29996904
31673750
32908858
33499217
33701856
34249267
38442947
39544881
40466802
40580323
41032818
41944177
42362316
42872099
43348760
47722622
49571680
53379230
54318212
57435484
60487639
62061735
62400396
62925376
65470240
65847372
66051218
67969027
68385478
69435662
69808707
70134239
71919530
74835457
74852537
74951850
76625502
78379860
79744578
79946216
80651710
80862949
81623077
82985255
83350081
84306493
84571284
85058441
85489363
86093875
86347789
86670987
88454416
89086267
89433466
91304018
93124535
93356263
94943027
95332982
96046553
96084103
96237628
99182333
100007637
104488541
104863965
105299720
105761554
108597870
108857699
110333083
110610069
110858069
113266848
114348725
116096202
116152894
116672118
116687865
117235319
119267491
119832380
123425668
124246537
126831277
126937586
127513096
127842985
128662198
131661537
133707612
134811151
134919861
135225366
135822119
137853638
138593056
139362424
139505970
146047695
146572172
148130893
148600045
150121032
150373952
151942453
156378340
161093562
162102933
163078632
164089907
164505181
165586259
165604602
166784582
167273779
168387501
169648540
172734572
175559079
175595524
177416189
178151399
180573829
181080416
181333125
181435168
181588980
183172127
184177949
185701178
188875963
189234291
189831405
190020994
190603584
191218662
191252923
191758490
191769640
192186587
193598187
194974425
195207406
195826167
196665408
197107946
197914129
199231991
201219839
202147314
203323206
203371320
203400688
206268689
206766458
208394485
212843757
213940075
214040382
214627542
214757368
216255401
216286310
216337427
217325491
217646815
218759927
220260183
220842234
221007905
221359519
221717657
222180756
222645182
222788212
227543369
231116148
232658293
232925388
232926466
233133797
233364658
236303731
236595306
238344825
245424299
245614223
247020407
247327055
247707172
247938825
249339590
249537817
249886249
250040271
252725848
253527542
254806502
255380936
255727154
255807468
256207536
256513905
260327243
260939952
264388382
265833355
266272600
267012911
267417945
268212102
271444817
271593765
272057485
273741777
276695912
281476696
286166558
288542672
291812362
292280410
292792749
293084941
294531465
295218778
295408821
297210031
297771078
298377294
299487472
301065992
301484386
301773971
302389761
306042635
306287887
306917467
306923616
307497003
307497371
307546066
308202175
308840724
314294932
314296609
314528031
315967590
318013705
319480377
320156426
322892900
322989317
323285663
323578906
324773438
326022062
326625266
326870695
327720386
327894695
328310813
328313642
328839212
329534019
330961281
331204620
331407309
332493409
334308128
334569830
335217988
336449716
336774038
336992824
337278567
339744084
340587337
344876574
344889238
344893736
345197563
346650440
347375230
350227013
353422411
354163486
358783951
358899767
359173335
359487919
361411556
362319153
364586925
365036608
366195244
367771205
367815374
368825365
369889256
369989945
371469987
372351994
373327697
375304335
375550514
376835500
377645421
379130054
380196591
381759708
388751471
390395230
392789433
393893855
395670352
398707775
398937593
399172871
399333756
399398898
399530304
400262803
400307887
403202192
406578503
407708006
408396068
409165420
409734769
411924596
411947708
414695042
417957133
418343646
418752062
418861218
419052893
421224472
423021859
424950985
425458185
425926814
426030791
427220788
428495320
430106817
430152361
432377153
432401275
432812465
433099457
433375166
433878554
434172680
434423185
435627025
438912681
438956529
439147288
441569667
442205474
443058584
446783890
450259673
450957691
452289976
452439687
453672244
453918185
453987955
454167760
454764178
457059518
460230277
462371811
464442326
464881333
466358478
467108090
467246663
468848766
469063275
469332387
469674253
470179385
470445908
470849018
471873655
472178951
473370762
473533027
474015915
474463036
474829125
475001588
475749457
476872061
481644372
481933750
487684530
488179480
489460014
490281203
490433423
492855116
493162690
493335420
493802419
497107369
497231538
497874397
498718427
499600854
499899051
500630709
500982324
501308993
501617353
503736240
504256038
504582829
504632673
504666892
505412493
505533296
506771780
507108829
509762991
509948611
510407120
511809603
514929839
514955007
515209758
515306919
515365950
515767701
516264567
517843973
518815485
520472562
522280902
523322957
523752772
524976205
525583668
525755387
526288515
526413428
528597506
531042127
531274604
531583608
532771891
533302853
535594240
536281560
536677729
536855854
537155737
537170652
538911710
539909241
540425775
541186677
541315939
541514802
544877507
545518597
545710495
546768393
546908133
547250302
548092337
548720758
550510578
551080034
551443095
551723919
552553445
552922738
553228220
555126766
555426129
556930436
557469934
557481795
557835059
558200141
559320130
560243208
561085126
565517558
566522997
568159547
568460329
570218689
570712087
573143175
575204228
577078014
578468013
581287343
581558667
582237739
583225124
583810596
583812309
583936958
584190934
584225615
586275597
587118026
588294509
588353468
588638057
589114520
595297388
599054264
599832478
600424391
602612456
602826102
603203125
605124765
605472940
606088579
606822479
607292059
608292892
608795828
609999873
611273335
611854681
613262989
613590453
613929366
615119642
615695310
615947808
616657445
619226144
621005704
621869248
622366267
624404753
628435206
629802264
629895445
630508574
631371630
633648729
633665365
635501988
638835963
640254638
643035365
643386820
643799478
644331377
644774328
647020944
648158809
648992569
653657355
654617985
655036124
656669468
656940615
658600640
660155383
661110410
661590084
661868394
662183169
663023292
664890451
667188175
667264117
668902008
668974331
670948704
673637964
675159320
676547968
676859362
678156055
679517319
679537554
679645753
681443593
683148905
683216681
684365001
685807603
685882134
686291709
687179181
688345730
688682937
689100696
690164306
691523268
693772777
694336505
695302529
696310492
696964633
698311649
699061901
700297805
703144437
704389726
705180388
706117736
706619252
706907743
707704749
708372451
709377256
709648036
709710674
710244108
710988734
713502119
715127279
715416166
715796134
716539696
716914981
717268634
717529458
718557264
719128911
724143537
724329307
724376561
725155761
726716162
728137416
728951629
729621235
730033326
731831161
732929339
732935676
733284443
734504582
734974515
735384258
736249355
736631002
737277088
737441635
738729434
742229933
745385174
746168851
748078766
748610074
751306445
751881658
752054488
752421799
752486565
754677295
757321030
757906789
757966274
758056036
760646916
761126107
763129429
763179051
766218327
766577359
767832054
770512115
770877600
771341566
771366651
771456513
771699137
772650148
773326078
773541620
774069745
774650304
775443857
776553446
776870592
776937314
778587710
779261199
779580998
780750396
782013548
782093031
782228998
782767346
783478843
784477108
784658883
786016801
786068924
786272428
786815860
787308279
788918926
790423560
790895827
792465989
794081797
795515242
795716710
798330713
799101063
801958575
801979793
803038522
803096018
805964094
806460970
807025082
809919970
811587846
812170363
812858567
814609393
814769123
817198445
818080041
818604464
819856980
819866078
824201139
825731504
825891013
830642731
830832717
831907458
833223463
833354546
833471904
833792092
835165221
836604001
838678328
838754651
839398050
839405128
839626184
840098851
841059952
842777102
843514643
843984277
844055109
844737061
845868947
846231667
846510801
847072889
848891975
849422657
849442620
850399026
850428453
853323358
854350216
854672534
855035892
855133486
858370124
858637507
859112860
859271075
860735872
861551200
862324310
863904810
864128091
864549806
864563355
864650444
864667759
864762968
865084416
868662933
868709588
869228927
871301275
871452339
871840565
872216207
872768287
873416383
875498827
876651036
877295396
881824136
882362248
883647715
884031197
884290673
884871820
884874090
885348467
886160983
887019798
887133749
889161355
889522849
890727440
891124740
891528068
892886774
893723341
895872300
896657381
897778853
898437404
898464824
898720585
900078047
901320798
901925240
902395156
902451699
902535457
902622251
903101243
903868110
904155803
904915132
905980163
906006392
906188818
908009366
909403952
910936356
910984748
911679066
912097778
914311941
916542349
917599496
918056368
921207364
921413549
922092833
922412834
922985010
925545899
925696167
928402862
929715989
930521024
932985647
933317000
933578780
934630602
935484394
936022878
937499600
938677834
939124471
940043020
940705593
941917541
942258633
943735980
944539119
946099980
946304223
946619717
946774632
949466443
949738211
950541556
951830073
951830313
954312241
954951411
957089776
958061293
958901795
960118953
960245347
961257786
961497323
963289178
963418961
964339628
966909298
967098458
967365562
967975795
970213945
970966151
972255550
972816047
973381473
973903953
974937993
975004099
978240975
978367498
979008838
979785912
980769581
981343433
982620606
983677088
984659711
985893266
986625161
986811543
988382477
988606155
989110349
989522439
991495755
992222116
992434206
992878434
993457743
995151073
995926731
997044105
997494010
999841597
1000321723
1000472563
1005120238
1006439372
1007584209
1008015186
1008094732
1009486812
1010000480
1012065239
1012526438
1013796538
1014581873
1017780207
1019088782
1019097424
1020476233
1021882130
1022399925
1022954775
1022959597
1023287200
1023482377
1025388702
1026620328
1026698886
1026990157
1029732694
1029737534
1030406473
1030691035
1032603574
1034413725
1035308120
1035408709
1038225626
1040443357
1042094596
1042379760
1042602804
1043099727
1043273271
1043787596
1043852921
1044569176
1044734482
1047088786
1047829274
1049862560
1051260128
1051351222
1053410252
1054370966
1060131309
1060279500
1061074856
1061306502
1061577529
1062060953
1062249514
1063325046
1064027677
1067521695
1069395496
1069798245
1070360897
1070442646
1075056803
1075085484
1076917175
1077235175
1078049669
1081033142
1081099075
1081710688
1085537925
1086041854
1086149912
1086765208
1086822632
1087469516
1088141466
1089433259
1089629190
1092172935
1093380858
1095580066
1095760656
1098626549
1099593056
1103747690
1105562272
1106018150
1108759608
1112271976
1112329470
1114303978
1114446220
1114583024
1116219583
1118934768
1120004501
1121343864
1121822066
1121898187
1122438038
1123643213
1123731943
1125364489
1127097606
1128263070
1128716329
1132207456
1134561578
1137890662
1137993930
1138512078
1139703250
1140610446
1143498125
1144506619
1145138846
1145511223
1146435489
1146442703
1146750630
1147232219
1152746953
1152976847
1153260556
1153667291
1157161473
1157504048
1157681838
1159237090
1159567498
1162972885
1163967261
1164014998
1165034411
1165040766
1165591068
1165754426
1170456405
1172082422
1172315558
1173358079
1174844007
1174928298
1175238290
1176065418
1177160353
1177784620
1178005756
1181952257
1183831847
1184610398
1185714102
1186132339
1187705417
1190564423
1190707612
1191220765
1194734794
1195335146
1195994718
1196609317
1198220136
1198513587
1198668122
1198737073
1199813447
1200004715
1200931455
1201471322
1202734814
1203369671
1207662452
1208255122
1211380456
1211689053
1213772890
1216454351
1216586747
1216810886
1217068720
1218584976
1219696068
1220378963
1222086021
1222197563
1222460103
1223755313
1224862252
1224978724
1225090090
1226076585
1227030807
1229735885
1230383134
1232228688
1233403527
1235155578
1235403423
1235442862
1235471030
1235563738
1236079834
1238802718
1240689626
1241663849
1242734482
1242795692
1243284845
1243942886
1244318917
1245035337
1246728487
1248295289
1248832799
1249997436
1250058754
1250656451
1256104528
1258497946
1258969129
1259732820
1265116656
1266248943
1266710819
1267370737
1267599113
1270608841
1271712930
1272343413
1274595920
1274987743
1275714202
1276236703
1277789982
1278171793
1278398207
1280754331
1281741658
1283137306
1283601256
1283918421
1284183885
1287049472
1287771856
1289661096
1290897600
1291585169
1291681227
1291851177
1291931735
1292400130
1292867764
1294281194
1295742726
1303081275
1305279738
1305985547
1306681530
1307541510
1307991600
1308236881
1310498765
1312143035
1313927592
1317290590
1318334825
1321783311
1321969408
1322257974
1322465301
1324260695
1324615968
1324769173
1328031850
1330254741
1331909397
1337659753
1338064092
1338150314
1338998904
1339425452
1341831428
1342009774
1342977005
1344553325
1345222183
1346593242
1347531391
1348174054
1349217402
1349220981
1350351381
1352004443
1353997117
1354198704
1356104597
1356231752
1356408019
1356683297
1357878885
1357906095
1359245536
1360682640
1361886779
1362676472
1364845027
1365480935
1366191291
1366931918
1367677339
1367926840
1368205114
1368863190
1369074533
1370867055
1372223574
1372357959
1372670662
1373305911
1377013267
1377217396
1378048075
1378063476
1378861449
1380596877
1383953792
1385860137
1385928630
1387073693
1388187998
1388194646
1388665860
1388679095
1388825191
1391079644
1391435679
1392406410
1392780349
1392792034
1393141237
1394859658
1396624867
1398059676
1399494594
1400273374
1400408414
1401333189
1401482483
1401984040
1405015381
1405757731
1407265779
1410011695
1410294870
1410562944
1411511879
1414084972
1414189180
1417062564
1418183139
1418572680
1419567290
1420680202
1421608485
1422209806
1422348985
1422611801
1423548907
1423741784
1425363100
1425538718
1427835091
1427839741
1429446070
1430490593
1433552917
1433735086
1436026096
1436590592
1436692153
1436920527
1438446747
1439249476
1439880398
1440862558
1444649029
1444835376
1445719961
1446378811
1447990365
1448016244
1450319965
1451216456
1451979848
1453744535
1453892898
1456313410
1459727262
1460852034
1461889319
1461909150
1462046014
1463229748
1465134703
1465853526
1468528461
1469149491
1469717089
1469995962
1470071437
1473280370
1474028120
1474544763
1475372088
1478403524
1478670778
1481234717
1482576076
1483666945
1483956171
1484820237
1484884921
1485366209
1485647790
1485791223
1486803272
1487098813
1487505990
1488958632
1490061537
1490561860
1491454711
1491773604
1492551662
1493568775
1494850915
1495424119
1495441206
1495706028
1496377838
1496431980
1497231755
1499202852
1500088472
1500926999
1501786546
1503397490
1505258869
1509785212
1510001667
1510679949
1511281306
1511529884
1512276310
1513033682
1513513824
1514013332
1514126153
1515411362
1517899765
1524595245
1524983452
1524998383
1527257906
1528374361
1530218134
1532859981
1532921405
1533030929
1533286978
1534809839
1535348372
1541464780
1541674731
1542248355
1542685386
1542729841
1542811643
1544055537
1544491819
1546056725
1546092889
1546162915
1546689311
1546779688
1546995485
1547090116
1549148451
1549169128
1549682176
1552044337
1552931788
1554584484
1555584276
1555879703
1556767394
1557114154
1557775734
1558121399
1560052163
1560132727
1562526302
1562743721
1562970591
1565268201
1565604187
1566377860
1567591678
1568702661
1568784148
1568826246
1574020755
1576020429
1576082901
1576683639
1578314069
1585316601
1586637777
1586789338
1587337321
1589328043
1590742252
1590779071
1591060666
1594232169
1596042449
1597437779
1599198823
1600194570
1600827381
1602121546
1602663475
1603352501
1605863168
1606208717
1606359747
1607050808
1607552683
1608936603
1609122358
1609169866
1609345946
1611220789
1616019979
1618033202
1618507966
1619360050
1621509115
1621559304
1621890668
1622393908
1623010803
1623054538
1623442937
1626992763
1627514141
1627567436
1627915176
1628275134
1628516251
1629128498
1629820838
1631755425
1632011768
1632630902
1632731711
1634091012
1635749554
1635943763
1636228888
1636399805
1637057413
1637199954
1637577441
1637623395
1637864956
1640826669
1642815909
1643955003
1644261373
1645053347
1645952803
1647009459
1647310465
1647420427
1648607032
1648728780
1651180009
1654094000
1655511886
1656666795
1657160808
1657929242
1658143425
1659238350
1659287453
1660638070
1661529286
1661866226
1662430690
1662586163
1663278325
1663948730
1664180866
1664794525
1666124229
1666284564
1666718081
1668867122
1668933209
1669174832
1670155863
1671244245
1671932004
1674155048
1675477881
1675500360
1678766935
1678981924
1679729760
1680306040
1680313938
1681028403
1681379804
1682125489
1682243023
1683602956
1683869411
1684090904
1684247620
1685661152
1686653084
1688132842
1689455993
1689514738
1689523415
1691473133
1693396235
1695291349
1695476803
1695645392
1696267146
1697037508
1700445685
1705359986
1707874035
1709542925
1712731306
1714376714
1715394024
1715495346
1717117310
1717860913
1718731584
1720924683
1721088452
1722554062
1722792521
1723178140
1724195862
1724891933
1725535129
1727122444
1729528304
1729555467
1729818830
1730497850
1733946726
1736671855
1736964306
1739352613
1744452164
1745620682
1746031338
1746450266
1748597637
1748601065
1749020240
1749520507
1750230622
1751858961
1752476984
1753207109
1754651376
1758177845
1758499887
1760066308
1760908795
1761852253
1762574298
1763055900
1763903270
1764732361
1765865128
1767211652
1769424871
1776576752
1776786818
1777163619
1778281460
1781391750
1781704860
1782080290
1782199610
1784561762
1784621207
1785151347
1785930670
1786334342
1786619042
1786875447
1787516877
1787932110
1788750529
1791416801
1798530653
1800003786
1800053171
1800086155
1800549486
1801597575
1804199006
1805268864
1805320279
1805610940
1805684065
1805688208
1806085287
1808820396
1809472317
1811833243
1812197349
1813618214
1814299024
1814590080
1814860821
1816849739
1816947176
1817624290
1818156944
1818498229
1822013623
1825262982
1825778850
1826305082
1826516950
1830997701
1831593480
1831885502
1833005346
1834899662
1835145407
1836384671
1839907611
1840408053
1843461552
1844191790
1844341952
1847545452
1847558960
1848719680
1850500612
1850681037
1853792314
1857636738
1860012226
1860478536
1860760865
1860827450
1862668126
1862982399
1863234126
1864142380
1866651574
1866692716
1868439578
1870223178
1870273509
1872267811
1874205679
1876146351
1876705799
1876930833
1880367195
1882893764
1884352766
1884736427
1887194799
1887633238
1888677676
1890287663
1892183702
1894835279
1896067188
1897465362
1897982089
1899049617
1899889266
1901641507
1901953741
1902341189
1902468881
1903830374
1903949968
1905540225
1907099912
1907919929
1908159724
1911543810
1911872725
1912027363
1912815738
1913036988
1915081835
1915195617
1916355427
1916616385
1916668424
1919165519
1921220212
1921418248
1921520589
1922194221
1922234269
1922846259
1924156215
1924370046
1925229659
1928456251
1929849215
1929977767
1930235376
1930270042
1930513564
1930766971
1933485539
1937077220
1938098221
1938149451
1939246353
1940573817
1942498301
1943023263
1944377819
1944543627
1945986742
1946943498
1947482714
1948721956
1948837504
1949412089
1949802656
1950630201
1950976074
1952265544
1952603033
1954906778
1955424140
1958747055
1961216883
1961896450
1963135261
1963203356
1963268183
1964395000
1966080521
1968936987
1969358771
1969540625
1970064463
1970947996
1971062457
1977341977
1978128370
1978259817
1979024086
1981805531
1983483469
1983945046
1987391400
1987767588
1990872142
1994440719
1995515470
1996847562
1998918466
1999150702
2000534789
2001965043
2005498040
2007124858
2008876397
2009273449
2009415311
2009768382
2011175415
2011497651
2012799540
2014876766
2015462864
2015679153
2016844263
2017278195
2017887828
2018139082
2019145979
2020853113
2021896814
2021969263
2022438768
2023197189
2025259543
2025373710
2026410642
2026834684
2027828458
2028621474
2029545733
2029665039
2030462442
2032492572
2033938676
2034477334
2036294226
2037236351
2037881467
2037993053
2039735388
2041061937
2041753503
2042114011
2042932782
2043732835
2044179574
2044563629
2045706378
2045982972
2046226135
2046449389
2046497272
2046820254
2047556038
2047612153
2047726417
2049229136
2049702153
2049779161
2050115479
2050451911
2050689227
2050777412
2051158060
2052376716
2052727620
2055865140
2056324546
2059579942
2060653376
2061116800
2061500871
2062481374
2062794541
2062795938
2063347628
2065032610
2069055091
2069932071
2071351977
2071707717
2071814632
2072403238
2074243908
2075519206
2076805581
2076982786
2077213471
2077837768
2078214484
2079821570
2080247772
2082004639
2084670393
2086016301
2086297647
2088168191
2088895669
2089484484
2089945375
2091356209
2091823268
2092481227
2095990784
2096896448
2097179073
2097577559
2098411850
2100646702
2101385663
2105267671
2109582022
2109788153
2111577429
2112257453
2112740657
2114304278
2116170435
2116418645
2118821944
2120079744
2120242581
2120646654
2122306151
2122682160
2123479024
2123743824
2125710944
2126430547
2126747043
2128789567
2129906093
2129912529
2132074989
2132220415
2132657987
2134008833
2136866223
2137196675
2138555759
2138870373
2141490203
2144820323
2145213833
2146222033
2146440083
2147071557
